#YY  MM DD hh mm WDIR WSPD GST  WVHT   DPD   APD MWD   PRES  ATMP  WTMP  DEWP  VIS  TIDE
#yr  mo dy hr mn degT m/s  m/s     m   sec   sec deg    hPa  degC  degC  degC  nmi    ft
2021 09 10 22 56 999 99.0 99.0  1.98 15.38  9.11 116 9999.0 999.0  17.8 999.0 99.0 99.00
2021 09 10 23 26 999 99.0 99.0  2.14 16.67  9.44 105 9999.0 999.0  17.8 999.0 99.0 99.00
2021 09 10 23 56 999 99.0 99.0  1.99 18.18  8.20 107 9999.0 999.0  17.7 999.0 99.0 99.00
2021 09 11 00 26 999 99.0 99.0  2.08 16.67  8.24 117 9999.0 999.0  17.8 999.0 99.0 99.00
2021 09 11 00 56 999 99.0 99.0  2.17 16.67  7.13 107 9999.0 999.0  17.9 999.0 99.0 99.00
2021 09 11 01 26 999 99.0 99.0  2.16 16.67  7.39 110 9999.0 999.0  17.9 999.0 99.0 99.00
2021 09 11 01 56 999 99.0 99.0  2.09 16.67  8.04  93 9999.0 999.0  17.9 999.0 99.0 99.00
2021 09 11 02 26 999 99.0 99.0  2.05 16.67  8.40 102 9999.0 999.0  17.8 999.0 99.0 99.00
2021 09 11 02 56 999 99.0 99.0  1.97 16.67  7.73 103 9999.0 999.0  17.7 999.0 99.0 99.00
2021 09 11 03 26 999 99.0 99.0  2.05 16.67  8.27 105 9999.0 999.0  17.6 999.0 99.0 99.00
2021 09 11 03 56 999 99.0 99.0  2.05 15.38  8.80 106 9999.0 999.0  17.5 999.0 99.0 99.00
2021 09 11 04 26 999 99.0 99.0  1.94 16.67  8.29 106 9999.0 999.0  17.5 999.0 99.0 99.00
2021 09 11 04 56 999 99.0 99.0  1.98 15.38  8.68 107 9999.0 999.0  17.5 999.0 99.0 99.00
2021 09 11 05 26 999 99.0 99.0  2.01 15.38  8.66 116 9999.0 999.0  17.5 999.0 99.0 99.00
2021 09 11 05 56 999 99.0 99.0  2.05 15.38  8.26 127 9999.0 999.0  17.4 999.0 99.0 99.00
2021 09 11 06 26 999 99.0 99.0  2.23 15.38  8.69 113 9999.0 999.0  17.4 999.0 99.0 99.00
2021 09 11 06 56 999 99.0 99.0  2.27 15.38  8.32 106 9999.0 999.0  17.3 999.0 99.0 99.00
2021 09 11 07 26 999 99.0 99.0  2.30 14.29  8.66 106 9999.0 999.0  17.2 999.0 99.0 99.00
2021 09 11 07 56 999 99.0 99.0  2.28 15.38  8.32 107 9999.0 999.0  17.3 999.0 99.0 99.00
2021 09 11 08 26 999 99.0 99.0  2.28 15.38  9.05 106 9999.0 999.0  17.2 999.0 99.0 99.00
2021 09 11 08 56 999 99.0 99.0  1.94 14.29  8.46 113 9999.0 999.0  17.3 999.0 99.0 99.00
2021 09 11 09 26 999 99.0 99.0  1.97 14.29  8.40 114 9999.0 999.0  17.3 999.0 99.0 99.00
2021 09 11 09 56 999 99.0 99.0  2.07 13.33  8.96 113 9999.0 999.0  17.3 999.0 99.0 99.00
2021 09 11 10 26 999 99.0 99.0  1.86 14.29  8.46 110 9999.0 999.0  17.3 999.0 99.0 99.00
2021 09 11 10 56 999 99.0 99.0  1.77 12.50  8.52 113 9999.0 999.0  17.3 999.0 99.0 99.00
2021 09 11 11 26 999 99.0 99.0  1.55 14.29  8.13 119 9999.0 999.0  17.3 999.0 99.0 99.00
2021 09 11 11 56 999 99.0 99.0  1.68 13.33  8.91 116 9999.0 999.0  17.3 999.0 99.0 99.00
2021 09 11 12 26 999 99.0 99.0  1.40 16.67  8.33 109 9999.0 999.0  17.3 999.0 99.0 99.00
2021 09 11 12 56 999 99.0 99.0  1.45 14.29  8.38 112 9999.0 999.0  17.3 999.0 99.0 99.00
2021 09 11 13 26 999 99.0 99.0  1.32 14.29  8.28 107 9999.0 999.0  17.3 999.0 99.0 99.00
2021 09 11 13 56 999 99.0 99.0  1.28 14.29  8.04 124 9999.0 999.0  17.3 999.0 99.0 99.00
2021 09 11 14 26 999 99.0 99.0  1.26 13.33  8.34 105 9999.0 999.0  17.3 999.0 99.0 99.00
2021 09 11 14 56 999 99.0 99.0  1.19 15.38  8.26  93 9999.0 999.0  17.4 999.0 99.0 99.00
2021 09 11 15 26 999 99.0 99.0  1.16 13.33  7.49 120 9999.0 999.0  17.4 999.0 99.0 99.00
2021 09 11 15 56 999 99.0 99.0  1.10 12.50  7.61 112 9999.0 999.0  17.4 999.0 99.0 99.00
2021 09 11 16 26 999 99.0 99.0  1.10 15.38  7.50 102 9999.0 999.0  17.5 999.0 99.0 99.00
2021 09 11 16 56 999 99.0 99.0  1.10 13.33  7.87 110 9999.0 999.0  17.5 999.0 99.0 99.00
2021 09 11 17 26 999 99.0 99.0  1.11 15.38  8.21  96 9999.0 999.0  17.6 999.0 99.0 99.00
2021 09 11 17 56 999 99.0 99.0  1.16 12.50  7.77 117 9999.0 999.0  17.6 999.0 99.0 99.00
2021 09 11 18 26 999 99.0 99.0  1.03 12.50  7.16 109 9999.0 999.0  17.7 999.0 99.0 99.00
2021 09 11 18 56 999 99.0 99.0  1.04 11.76  7.72 123 9999.0 999.0  17.7 999.0 99.0 99.00
2021 09 11 19 26 999 99.0 99.0  1.05 13.33  7.73 100 9999.0 999.0  17.7 999.0 99.0 99.00
2021 09 11 19 56 999 99.0 99.0  1.08 11.76  7.91 121 9999.0 999.0  17.7 999.0 99.0 99.00
2021 09 11 20 26 999 99.0 99.0  1.05 11.76  7.68 113 9999.0 999.0  17.7 999.0 99.0 99.00
2021 09 11 20 56 999 99.0 99.0  1.01 11.76  7.38 113 9999.0 999.0  17.8 999.0 99.0 99.00
2021 09 11 21 26 999 99.0 99.0  1.15 11.76  7.52 112 9999.0 999.0  17.7 999.0 99.0 99.00
2021 09 11 21 56 999 99.0 99.0  1.09 12.50  7.08 114 9999.0 999.0  17.6 999.0 99.0 99.00
2021 09 11 22 26 999 99.0 99.0  1.21 11.76  7.15 110 9999.0 999.0  17.8 999.0 99.0 99.00
2021 09 11 22 56 999 99.0 99.0  1.09 11.76  6.80 110 9999.0 999.0  17.9 999.0 99.0 99.00
2021 09 11 23 26 999 99.0 99.0  1.03 11.76  6.36 116 9999.0 999.0  17.9 999.0 99.0 99.00
2021 09 11 23 56 999 99.0 99.0  1.11 11.76  6.49 117 9999.0 999.0  17.9 999.0 99.0 99.00
2021 09 12 00 26 999 99.0 99.0  1.01 11.76  6.21 116 9999.0 999.0  17.9 999.0 99.0 99.00
2021 09 12 00 56 999 99.0 99.0  1.16 12.50  6.17 114 9999.0 999.0  17.8 999.0 99.0 99.00
2021 09 12 01 26 999 99.0 99.0  1.08 11.76  5.54 123 9999.0 999.0  17.7 999.0 99.0 99.00
2021 09 12 01 56 999 99.0 99.0  1.14 12.50  5.66 114 9999.0 999.0  17.7 999.0 99.0 99.00
2021 09 12 02 26 999 99.0 99.0  1.04 11.76  5.01 114 9999.0 999.0  17.7 999.0 99.0 99.00
2021 09 12 02 56 999 99.0 99.0  1.04 11.76  4.76 124 9999.0 999.0  17.7 999.0 99.0 99.00
2021 09 12 03 26 999 99.0 99.0  1.07  4.55  4.52 173 9999.0 999.0  17.7 999.0 99.0 99.00
2021 09 12 03 56 999 99.0 99.0  1.14 11.76  4.83 123 9999.0 999.0  17.6 999.0 99.0 99.00
2021 09 12 04 26 999 99.0 99.0  1.10 11.11  4.50 124 9999.0 999.0  17.6 999.0 99.0 99.00
2021 09 12 04 56 999 99.0 99.0  1.08 11.11  4.51 116 9999.0 999.0  17.5 999.0 99.0 99.00
2021 09 12 05 26 999 99.0 99.0  1.18 11.11  4.69 133 9999.0 999.0  17.4 999.0 99.0 99.00
2021 09 12 05 56 999 99.0 99.0  1.15  4.35  4.42 192 9999.0 999.0  17.4 999.0 99.0 99.00
2021 09 12 06 26 999 99.0 99.0  1.09 10.53  4.58 134 9999.0 999.0  17.5 999.0 99.0 99.00
2021 09 12 06 56 999 99.0 99.0  1.15  9.88  4.71 131 9999.0 999.0  17.4 999.0 99.0 99.00
2021 09 12 07 26 999 99.0 99.0  1.04 11.11  4.66 120 9999.0 999.0  17.4 999.0 99.0 99.00